0.590685 0.473445 0.157732
0.101880 0.611777 0.078822
0.503339 0.626187 0.033433
0.572898 0.610896 0.056378
0.333875 -0.367402 0.169165
0.592737 0.208316 -0.000217
0.213476 -0.358432 0.157365
0.571865 0.217902 -0.094128
0.604705 0.332996 0.144722
-0.446099 0.563873 0.043939
0.115676 -0.375798 0.170098
0.647026 -0.309921 0.160442
-0.004675 0.603568 0.058256
0.630481 0.074319 0.133498
-0.531524 -0.439661 -0.041822
0.420689 -0.357058 0.177619
0.577357 0.507760 -0.185004
0.586152 0.519867 -0.177183
0.373240 -0.340594 0.181097
0.305105 0.623080 0.067577
0.363544 0.622608 0.041846
-0.530825 0.541188 -0.038475
-0.217057 -0.363654 0.200685
-0.184881 0.597074 0.069355
0.630835 -0.267827 0.199519
0.033565 0.580310 0.076534
0.596635 0.343872 -0.185296
-0.352181 -0.374467 0.204248
0.381305 -0.333179 0.172532
0.560392 0.223902 -0.094943
0.451488 0.604861 0.039716
-0.149317 -0.359040 0.189369
0.624622 -0.114685 0.216460
0.208693 0.618910 0.053429
0.577383 -0.335964 0.141447
0.233823 -0.341895 0.164572
-0.528632 0.555243 -0.031233
0.573218 0.064108 0.076243
0.239488 -0.358741 0.156541
0.605963 0.533054 0.132801
-0.406783 0.588085 0.088795
-0.104933 -0.360227 0.178781
-0.307922 0.588446 0.072377
-0.353358 0.578683 0.071993
-0.422416 0.570401 0.092677
0.616251 0.013768 0.076633
0.602904 0.313542 0.114310
0.361725 0.600217 0.066051
-0.021898 0.592414 0.089511
-0.422555 -0.409856 0.124921
-0.541531 0.560013 -0.057282
0.623368 -0.311535 -0.088465
0.623757 -0.016933 -0.080854
0.605099 -0.085035 -0.127234
0.629971 -0.020279 0.154833
-0.417623 -0.411691 0.135947
0.126708 -0.372049 0.165231
-0.416913 0.584107 0.068902
-0.518072 0.537268 -0.031555
-0.077227 -0.362626 0.173375
0.621863 -0.312339 -0.073747
0.152393 -0.373867 0.168262
0.583963 0.303132 -0.166848
-0.532442 -0.429117 -0.030843
0.595147 0.547338 0.104205
0.637475 -0.365594 0.009459
-0.171550 0.576922 0.094466
0.608078 0.357542 0.135087
0.126074 0.584504 0.068218
0.595649 0.266722 -0.146362
0.586495 0.575340 -0.134413
0.589924 0.588617 -0.132351
0.630769 -0.133234 0.232572
0.622494 0.148154 0.141353
-0.258284 0.586443 0.099534
0.010491 -0.354384 0.173500
0.636439 -0.176389 0.234863
0.585895 0.572844 0.089586
0.593218 0.232627 -0.041100
-0.450067 0.570048 0.072952
0.608289 0.017623 -0.003971
-0.203290 -0.393860 0.199078
0.599903 0.284080 0.091631
0.035155 -0.381974 0.177564
0.626845 -0.139779 -0.142064
0.647198 -0.292950 0.179875
-0.448674 -0.400207 0.085529
0.025678 -0.350842 0.175936
-0.511169 0.561259 -0.006547
-0.064157 0.581844 0.061247
0.625313 -0.090905 -0.133184
-0.176265 -0.379573 0.175632
0.447855 0.621248 0.067374
-0.428159 0.553849 0.068512
0.636137 -0.059142 0.192190
-0.401147 0.563637 0.070156
0.068144 0.614165 0.067704
-0.299046 -0.397888 0.191328
0.588741 0.331748 -0.173628
0.622032 -0.240359 -0.136177
-0.415807 -0.398511 0.128727
0.439496 -0.335989 0.150259
0.588071 0.583986 -0.145215
0.221374 -0.371720 0.167438
-0.161123 0.573828 0.090054
0.630444 0.023756 0.100143
0.587252 0.266695 -0.132730
0.431286 -0.344176 0.148000
0.586361 0.356874 -0.185395
0.504892 -0.326169 0.158614
-0.425851 -0.402304 0.115957
0.647927 -0.247488 0.209841
0.355679 -0.363709 0.159044
0.593826 0.623735 -0.020980
0.531228 0.246265 -0.038567
0.074208 0.581990 0.071455
-0.093018 -0.380811 0.174290
0.590299 0.605453 -0.106801
0.571656 0.059824 0.006574
0.641561 -0.318795 0.140036
0.576477 0.613826 -0.100216
-0.150389 0.574273 0.067916
-0.058517 0.575211 0.070207
0.134845 0.585732 0.059920
-0.026179 -0.382587 0.176001
0.177068 0.604390 0.047373
-0.106216 0.603923 0.083762
0.622130 0.219623 0.111022
0.600499 0.254678 0.041555
-0.124648 0.597609 0.063869
-0.112272 0.572506 0.079228
-0.044229 -0.359079 0.173908
0.595530 0.227277 -0.009868
0.590326 0.600887 -0.120335
0.619993 -0.009690 0.164811
0.590044 0.548148 -0.175256
0.323870 0.610061 0.073641
0.172116 0.613795 0.051557
0.043478 0.591929 0.054150
0.602626 0.195904 0.120299
0.586424 0.609233 0.057236
0.634625 -0.174233 0.215410
0.579451 0.198131 -0.052566
-0.438748 0.575449 0.050238
0.452452 -0.341375 0.179640
0.210265 0.607226 0.046079
0.496271 -0.327880 0.168110
0.613582 0.232084 -0.029841
0.231487 -0.367914 0.161131
0.578981 0.599971 -0.085638
-0.527800 0.547735 -0.060054
0.611562 0.016742 0.008409
-0.468844 0.570432 0.049691
0.583684 0.577188 -0.155668
-0.146821 -0.362485 0.201649
-0.512925 0.554155 -0.039410
-0.283580 -0.398857 0.194426
-0.032939 0.602427 0.059864
0.591797 0.417179 -0.203754
0.601724 0.216948 0.123723
0.579922 0.347733 -0.195812
0.550533 0.007164 -0.045512
0.615211 0.359392 0.149684
0.566593 0.638350 0.038494
0.599174 0.603089 0.060492
0.612853 0.035021 0.137280
-0.274116 -0.381299 0.213522
-0.314586 -0.367916 0.192130
0.206425 0.589081 0.069160
0.423235 0.623405 0.066949
-0.132466 -0.379207 0.174460
0.003825 0.582367 0.082713
0.252140 -0.357805 0.155822
0.519183 -0.350195 0.146205
0.582016 0.557602 -0.149443
0.097295 -0.379297 0.180223
-0.143896 0.570440 0.076541
0.631476 0.046204 0.124366
0.618978 -0.036071 -0.084277
0.640982 -0.091768 0.213877
-0.070132 -0.355330 0.183298
0.620676 -0.050865 -0.102688
0.311087 -0.368633 0.165843
0.114739 -0.362387 0.162115
0.583234 0.394072 -0.198074
-0.263283 -0.397493 0.196482
-0.082247 0.605942 0.068951
-0.554263 0.527970 -0.095272
-0.210810 0.566935 0.078442
-0.240933 -0.364114 0.189552
0.580570 0.626019 -0.069901
-0.176687 0.601922 0.079730
-0.225267 0.569154 0.073747
0.541767 0.241566 -0.045901
-0.365522 0.583444 0.103370
0.598276 0.264352 0.100665
0.443620 -0.330650 0.170742
0.453219 0.625256 0.036061
0.592037 0.613076 0.006342
-0.095085 -0.360088 0.199636
0.151671 0.588902 0.055040
0.082633 -0.379046 0.187776
0.581086 0.602439 0.044129
0.629216 -0.251648 -0.130036
0.609989 -0.026463 -0.097668
0.611465 0.021781 0.088837
0.630895 -0.343554 0.119388
0.608403 -0.144277 -0.140012
-0.533560 -0.416319 -0.059579
0.409521 -0.357919 0.152263
-0.244058 -0.367688 0.206667
-0.186939 0.573669 0.092482
-0.515649 0.544201 -0.015396
0.543832 0.042812 0.000536
0.187625 0.617183 0.072951
-0.526852 -0.406098 -0.037111
0.044025 0.603700 0.054706
0.575659 0.599606 -0.100986
0.610986 0.306420 0.110269
0.634384 -0.160142 0.235564
0.006738 -0.369679 0.200087
0.615131 -0.261837 -0.120570
0.600687 0.365886 0.140883
0.600976 0.518966 0.129569
0.559733 0.018557 -0.049226
-0.520892 -0.417747 -0.033698
0.578863 -0.324366 0.148856
-0.407424 0.578126 0.097495
0.607592 0.264852 0.091322
0.640675 -0.351576 0.125707
0.569170 0.218982 -0.077533
0.594911 0.502718 0.132828
0.637756 -0.297743 -0.095881
0.073966 -0.354967 0.194554
-0.500496 0.553891 0.007737
0.600831 0.590073 0.084462
0.612118 0.441374 0.162166
0.609659 0.150332 0.141614
-0.571796 0.524199 -0.119717
-0.554701 0.540423 -0.078894
0.557156 0.208968 0.049757
-0.393355 -0.396432 0.153484
0.570143 -0.355090 0.161921
0.595530 0.231993 0.012970
-0.133431 -0.365026 0.176430
-0.217299 0.600148 0.083969
0.613332 0.018803 0.021501
0.466400 -0.340485 0.178912
0.325888 -0.364349 0.158891
0.555322 0.000524 -0.065576
0.627443 -0.341429 -0.018933
0.016736 -0.379627 0.193790
0.590298 0.613736 -0.015223
0.622413 0.015327 0.065795
0.609749 -0.011680 -0.080909
-0.413111 -0.411317 0.148460
0.344126 -0.365170 0.176510
0.537766 0.238348 -0.027051
-0.524231 -0.406656 -0.017831
0.501603 0.225438 -0.007350
-0.024049 0.609681 0.073340
0.233559 0.597839 0.047082
-0.513015 -0.414841 -0.018746
0.340702 0.610025 0.039317
-0.070670 0.593268 0.059050
-0.334385 -0.390759 0.181413
0.307093 -0.365660 0.179711
0.590061 0.515888 0.135030
-0.476825 -0.417087 0.046897
0.643302 -0.355021 0.024835
0.519689 -0.357660 0.163986
0.084273 -0.360608 0.196907
0.630182 -0.006328 0.137953
0.594016 0.376324 -0.194309
0.073388 -0.369375 0.196405
0.595246 0.459176 0.149582
-0.252644 0.565876 0.089521
0.604071 -0.002615 -0.062337
0.312519 0.626113 0.053330
0.499623 0.232245 -0.031187
-0.237112 0.583372 0.066407
0.509794 -0.331198 0.173655
0.052572 0.612977 0.064891
-0.322492 0.594517 0.091091
0.611913 -0.201039 -0.137875
0.134878 -0.376209 0.185596
0.575737 0.566891 -0.144618
0.276101 0.622614 0.067153
-0.166833 -0.367963 0.176809
0.195931 0.608768 0.047194
0.586110 0.551339 0.111848
-0.579723 0.527193 -0.130345
-0.538788 -0.411425 -0.049367
0.594837 0.391952 0.157459
0.533178 0.235295 -0.084242
0.574194 0.615303 -0.068451
0.608791 0.026563 0.032962
0.609700 -0.188275 -0.147056
0.265345 -0.362039 0.157460
0.601339 0.052155 0.017731
0.420302 -0.341287 0.180337
-0.207628 -0.381268 0.209795
0.154976 0.594791 0.080053
0.633817 -0.308734 -0.071735
-0.221922 0.594282 0.070054
0.609136 -0.171036 -0.143017
-0.553496 0.537362 -0.104841
0.395638 -0.336637 0.153976
-0.382546 -0.389564 0.160648
0.397645 -0.350643 0.149199
0.484133 -0.335132 0.146852
0.387882 0.600884 0.064140
0.505760 -0.358766 0.161085
0.592855 0.621060 0.031780
0.105208 -0.372584 0.165970
-0.243743 0.573747 0.069079
0.603200 0.278275 0.103569
0.421271 0.630590 0.044703
-0.263531 0.590262 0.069878
0.405812 -0.337479 0.178921
-0.535994 0.546529 -0.075017
0.572105 0.184093 -0.006676
0.385678 -0.362176 0.175579
-0.162655 0.586218 0.062798
0.585015 0.339376 -0.183980
-0.544894 0.546205 -0.091109
-0.577639 0.555165 -0.134157
0.046901 0.609770 0.080006
0.254983 -0.371155 0.167890
0.551963 0.029382 -0.026341
0.556131 -0.335848 0.142664
0.057706 -0.368419 0.165150
0.623978 0.026414 -0.008009
0.648550 -0.234415 0.218393
-0.398871 0.557173 0.084544
-0.194089 -0.385272 0.208231
0.562156 0.236538 -0.032552
-0.041932 0.607502 0.066284
0.518891 -0.345463 0.176194
-0.078775 -0.377636 0.203290
0.609930 0.021127 0.104368
-0.591681 0.527368 -0.171421
0.644254 -0.171733 0.225017
-0.009405 -0.366990 0.168161
0.076279 0.606917 0.053739
0.339945 0.597127 0.048594
0.634946 -0.290893 0.174630
0.531050 0.013204 -0.027849
0.513500 0.217618 -0.018302
0.431643 -0.349041 0.180375
-0.055305 -0.370855 0.169961
0.627831 -0.304494 -0.097146
0.103187 0.588679 0.079561
0.587618 -0.344685 0.142109
0.609532 0.286771 0.085063
0.011152 0.611812 0.074852
-0.090780 0.599868 0.089534
0.638283 -0.103438 0.210231
-0.029618 -0.360502 0.170886
0.587755 0.284784 -0.156648
0.592283 0.486324 -0.209422
-0.589625 0.550786 -0.166627
0.602479 0.565880 0.108682
-0.254277 -0.363783 0.198943
0.588264 0.206504 0.014471
0.527574 -0.324815 0.159420
0.471363 -0.332345 0.151012
0.529288 0.030366 0.008161
0.097331 -0.372204 0.193742
0.590556 0.500982 -0.202980
0.074670 0.594022 0.052475
0.607132 0.460233 0.163035
0.645109 -0.351787 0.080208
-0.157596 0.602642 0.083816
-0.370581 0.561577 0.097845
0.583165 0.630172 -0.015363
0.460707 0.633350 0.044538
-0.010152 0.589708 0.056399
0.590600 0.196227 -0.047852
0.097463 0.583258 0.071235
0.041804 0.589573 0.085359
-0.220026 0.579467 0.065909
-0.451141 0.577524 0.043364
0.609817 0.263378 0.057588
0.590018 0.591393 0.050093
0.615937 0.010326 -0.057939
0.118813 0.614135 0.057296
0.358684 -0.337291 0.178842
-0.169696 0.599195 0.089390
-0.272098 0.566895 0.093701
0.576974 0.618234 -0.019396
0.598323 0.569682 0.092249
-0.228722 0.599141 0.080720
0.489956 0.614683 0.065241
-0.018875 0.576711 0.069260
0.107681 -0.352464 0.192632
0.598001 -0.329075 0.141800
0.597554 0.477577 0.140575
-0.100983 0.588497 0.093164
-0.266690 0.576346 0.068411
-0.080530 0.579186 0.062843
0.599922 0.259903 0.064466
0.080547 0.601904 0.084672
0.028947 0.594952 0.087165
-0.537801 -0.423987 -0.041684
0.580686 0.611590 0.010923
0.577904 0.013834 -0.073530
0.622394 -0.228069 -0.139883
0.181344 0.593192 0.076590
-0.529604 -0.427231 -0.052886
0.604074 0.433598 0.167298
0.606838 0.244705 -0.024868
0.165938 -0.363250 0.192439
0.515482 0.009396 -0.013954
0.434704 0.613488 0.068104
0.608991 0.241878 0.053283
0.601680 0.276177 0.077218
0.458606 0.632004 0.058399
0.487254 0.604017 0.057533
-0.591636 0.540669 -0.155895
0.580236 0.206161 -0.074417
-0.377013 0.573075 0.105497
0.628133 -0.333010 -0.066568
0.296405 0.625169 0.052912
0.629563 0.081226 0.144318
0.603878 0.184422 0.134925
-0.521336 0.569469 -0.036445
0.630396 -0.197272 -0.144303
-0.231515 -0.391179 0.182356
0.633413 -0.340063 0.107768
0.628286 -0.201431 0.229027
0.628916 0.109873 0.144734
-0.313202 -0.391238 0.184123
-0.378821 0.558982 0.090608
0.429338 -0.329797 0.168613
-0.253945 -0.394373 0.205036
-0.401037 -0.407294 0.155759
-0.183785 0.589800 0.096286
0.345078 -0.351718 0.184697
0.624803 0.001012 0.111468
-0.415870 0.588573 0.079334
0.482810 -0.353541 0.148574
-0.028625 0.604288 0.086081
0.114104 0.597827 0.082961
0.597793 0.264860 0.079101
0.619211 0.073653 0.129158
-0.507371 0.543447 -0.027196
0.641309 -0.351708 0.053778
0.573954 0.498050 -0.196877
0.225923 -0.356724 0.157009
0.634968 -0.284200 -0.101174
0.126049 -0.345117 0.182660
0.592814 0.031530 -0.025832
-0.495509 0.564949 0.014155
0.170879 -0.374373 0.183964
-0.021205 0.591443 0.055905
0.595987 0.405673 0.153711
0.591236 0.622067 -0.051070
0.603238 -0.036354 -0.102566
0.476669 0.631265 0.039856
0.640911 -0.364883 0.083117
0.356767 -0.347946 0.151427
0.033532 -0.368649 0.198789
0.521415 0.004873 -0.024111
-0.397744 -0.407484 0.172209
0.606362 -0.340901 0.172199
0.608235 0.253651 -0.104491
0.296613 -0.357671 0.154740
0.396401 -0.363665 0.160726
-0.300332 -0.380040 0.181876
0.614960 0.251905 0.052635
0.273763 -0.364581 0.184247
0.121660 -0.354239 0.193126
0.641813 -0.360204 0.096104
0.530779 0.198846 0.008206
0.631026 -0.057553 0.205109
-0.313911 0.577921 0.069624
-0.574584 0.536332 -0.115539
0.630489 -0.238489 -0.124479
0.236574 -0.372090 0.175497
0.587256 0.203031 0.027134
0.579472 0.428642 -0.203516
-0.127021 0.584634 0.093849
0.621422 -0.331086 -0.055338
0.632062 -0.297301 -0.079087
0.577181 0.630785 0.030211
0.637777 -0.338050 0.169330
0.584407 0.544440 -0.184379
0.576562 0.051354 -0.010152
0.008683 -0.355171 0.195406
-0.238203 -0.391738 0.206317
0.621114 -0.130335 -0.146084
0.614764 0.320973 0.127683
0.631271 -0.268879 -0.106182
0.622486 -0.093207 0.211862
-0.150518 -0.381453 0.206551
-0.061112 -0.387692 0.183852
0.129435 0.608894 0.050954
-0.316961 -0.378627 0.214373
-0.007434 -0.354863 0.194164
0.390649 0.626351 0.043182
-0.154373 -0.389558 0.182815
0.593425 0.556149 0.122105
0.418566 -0.330910 0.159141
0.614919 0.223069 0.125350
-0.005506 0.580153 0.063750
0.588987 0.526884 -0.190887
-0.483745 -0.403336 0.034696
-0.011112 0.609669 0.077692
0.273120 0.610954 0.076104
-0.432647 0.573872 0.085106
0.222068 -0.340401 0.171726
0.649795 -0.351830 0.106247
0.645227 -0.151378 0.230440
0.085171 0.586500 0.079009
0.382550 -0.351794 0.182578
0.599942 0.331803 -0.186602
0.520849 0.222308 -0.039934
0.625756 0.023905 0.058670
0.628456 -0.157286 0.221958
0.004103 -0.364955 0.167812
-0.111468 0.581203 0.092284
-0.036609 0.591403 0.090133
0.591227 0.030971 -0.063596
0.619608 -0.343569 0.140863
0.576791 0.618426 -0.032386
-0.434136 -0.390025 0.107229
0.184343 -0.374696 0.178118
0.512907 -0.338722 0.144513
0.596196 0.535674 0.113609
0.088727 0.615382 0.068337
0.346322 -0.333603 0.170735
0.640888 -0.307888 0.182792
0.608681 0.345122 0.129265
-0.568083 0.557624 -0.117298
-0.476621 -0.402497 0.047165
0.598085 -0.352695 0.149999
-0.464721 0.581587 0.041997
0.613987 0.009260 0.110700
0.408316 0.627990 0.063334
0.624393 0.145167 0.126459
0.555368 0.000886 -0.001255
0.066993 0.608027 0.082173
0.602198 0.251198 0.072666
-0.369691 -0.373353 0.193481
-0.368010 -0.382596 0.172403
0.533173 0.637514 0.045707
-0.263324 -0.388952 0.211379
0.516475 -0.326805 0.152493
0.573791 0.625949 -0.056431
0.605131 0.400080 0.145936
0.598847 0.048455 -0.036599
0.119680 -0.346108 0.171617
-0.282149 -0.365583 0.196757
0.622979 0.210742 0.119758
0.593124 0.318837 -0.188147
-0.281494 0.578721 0.067964
-0.043364 0.607876 0.079475
0.632679 -0.368212 0.068725
0.574170 0.204940 -0.063446
-0.192209 -0.365155 0.204419
0.410408 0.599883 0.046751
0.280440 -0.346958 0.155913
0.595122 0.060561 0.040724
0.610422 -0.349786 0.145377
0.511199 0.238147 -0.053903
0.296843 0.604289 0.073996
-0.111986 -0.379418 0.204797
0.607526 0.235709 0.036735
-0.378689 -0.400186 0.191181
0.285937 -0.363824 0.157807
0.422361 0.600079 0.046917
0.614845 0.231975 0.002146
0.322250 -0.339044 0.158758
0.595640 0.027829 -0.012908
0.213415 0.620814 0.067641
-0.360766 0.586967 0.076094
0.566451 0.623053 0.029259
0.595283 0.059345 -0.024056
-0.586484 0.523544 -0.146707
0.588099 0.193673 -0.036202
0.613574 0.005210 0.124145
-0.313671 0.565789 0.075895
-0.313069 -0.379230 0.182755
-0.327612 0.563952 0.078543
-0.299932 0.595463 0.083197
-0.491510 0.558535 -0.010906
0.476279 0.609712 0.064826
0.599444 0.321770 0.124998
0.532635 0.047608 0.028799
0.624799 -0.065737 -0.120406
-0.353026 -0.381593 0.176609
-0.450329 -0.399550 0.114141
0.528197 0.222220 -0.049159
0.650147 -0.343994 0.130555
-0.405446 0.562991 0.095515
0.371984 0.596675 0.055043
-0.120064 -0.361539 0.201129
0.503050 -0.351520 0.147183
-0.459530 0.578639 0.058687
0.445943 0.633027 0.048895
0.623856 -0.005498 -0.068447
0.589237 -0.326467 0.169621
-0.455882 -0.393782 0.104277
0.575583 0.199141 -0.034278
-0.049586 0.585952 0.089764
0.547134 -0.327594 0.169801
0.610896 0.265645 0.105931
0.322601 -0.367577 0.173128
-0.080853 -0.386163 0.179975
-0.321210 0.575805 0.102980
-0.538302 -0.436245 -0.065982
-0.425747 -0.388511 0.144766
0.580447 0.630645 -0.032517
-0.124042 -0.376947 0.205970
-0.490682 -0.428383 0.030065
0.344320 0.597178 0.064502
0.540850 -0.355546 0.152579
-0.169163 0.597245 0.067958
0.604704 0.230391 0.020906
0.294405 0.616467 0.073086
0.554179 0.042806 -0.009876
-0.167475 -0.364227 0.203844
0.228698 -0.365138 0.188186
-0.343412 0.560728 0.088660
0.614566 0.037706 0.031843
0.278195 -0.352848 0.188226
0.629709 -0.239494 0.214186
0.485184 0.605098 0.040745
-0.512457 -0.402615 -0.009213
-0.389571 0.572010 0.069759
-0.561089 0.526168 -0.109378
0.135467 -0.363333 0.194134
0.603728 0.247775 -0.053543
0.334189 0.601539 0.070261
0.603113 0.223507 0.109905
0.618473 0.095167 0.131358
0.528814 0.017340 -0.009508
0.607271 0.244450 -0.068297
0.252830 -0.341461 0.181659
-0.366262 -0.403412 0.194811
0.612626 -0.130836 -0.130435
0.592149 0.232546 -0.053690
-0.056940 0.605949 0.082297
0.592574 0.052514 0.008272
-0.454429 -0.419682 0.095403
0.606578 0.137062 0.141780
-0.466353 -0.403841 0.061992
0.221718 0.621337 0.055733
-0.217078 -0.362895 0.188615
-0.188104 0.585707 0.064124
0.602368 0.580183 0.096379
0.555396 0.217739 -0.072516
-0.441368 0.552124 0.061051
0.242846 0.615829 0.046641
0.509683 0.214750 -0.005945
0.638460 -0.275178 0.205956
-0.262179 -0.365607 0.188783
0.632226 0.007964 0.130610
-0.198097 -0.389407 0.180658
0.484942 -0.359334 0.166244
0.592893 0.539491 0.134289
-0.345743 -0.369397 0.194339
0.047448 -0.348564 0.185279
0.018698 0.607289 0.059944
0.620282 -0.099907 -0.140068
0.589047 0.019657 -0.067897
0.334392 0.626985 0.050319
0.621754 0.234598 0.119244
0.650365 -0.323254 0.155648
0.621520 0.013517 0.130248
-0.130866 -0.390865 0.186147
-0.560878 0.537634 -0.090270
0.070495 -0.347807 0.180682
0.477112 -0.359600 0.157009
-0.510600 -0.433369 0.003026
-0.074268 -0.357707 0.196316
-0.441760 -0.411425 0.096840
0.597287 0.348238 0.141897
-0.488331 0.550520 0.021681
0.597557 0.237283 0.001660
0.313291 -0.345329 0.154396
0.126761 -0.378213 0.175370
-0.435430 0.562945 0.052693
0.116965 0.611921 0.079216
0.608840 0.084891 0.133856
-0.447122 0.584698 0.060647
0.529490 0.207817 -0.013421
0.232911 0.607547 0.078244
0.059244 -0.380858 0.185083
0.625673 -0.154791 -0.138209
0.629461 -0.324491 -0.081097
-0.491098 -0.424096 0.044399
-0.131590 0.571280 0.077904
0.197843 0.588799 0.057207
0.174396 0.615190 0.075906
-0.008933 -0.367334 0.201438
-0.482068 -0.392876 0.055855
-0.472619 0.568221 0.015725
-0.202463 -0.362624 0.186007
-0.434323 -0.396169 0.135440
0.520214 0.636257 0.053529
0.538108 0.018573 -0.017131
0.632773 -0.048198 0.195831
0.550493 -0.339446 0.175629
0.146165 -0.354907 0.192871
0.191626 -0.341680 0.175350
0.586367 0.542260 0.121023
0.565323 0.048185 0.038371
-0.075592 -0.387645 0.191315
0.556958 0.226687 -0.081828
0.301341 0.618567 0.043722
0.258265 -0.355609 0.188790
0.595547 0.360980 -0.190623
0.559065 0.049589 0.049149
0.596169 0.243532 0.044193
0.546398 0.247004 -0.034025
0.635287 -0.350192 -0.034443
0.577410 -0.332231 0.172579
-0.114781 0.576748 0.065071
0.248616 -0.364745 0.186605
-0.481749 0.577703 0.016312
-0.095347 0.606432 0.079603
0.626681 0.106614 0.129999
0.591963 0.276822 -0.128696
-0.340980 0.567097 0.100861
0.462168 0.622225 0.066598
0.201017 0.596671 0.077845
-0.282988 0.572063 0.100078
0.034346 0.611567 0.063016
-0.222451 -0.394304 0.188285
-0.498770 0.549264 -0.018415
0.630934 -0.345837 0.130531
0.620044 0.258777 0.108560
-0.363334 0.571856 0.104551
0.505411 0.215546 0.010169
0.591644 0.616639 -0.077815
-0.522290 0.558760 -0.050207
0.596836 0.612050 0.037283
0.607554 0.508795 0.144002
0.632725 0.021372 0.133016
0.545636 0.046147 0.013694
-0.570891 0.547508 -0.107901
-0.089201 -0.362256 0.174985
0.365886 0.608893 0.038974
-0.342089 -0.380303 0.210115
0.571675 0.592784 -0.132533
0.581819 0.200125 0.047865
0.619877 -0.093568 -0.118943
0.591054 0.038781 -0.011766
0.521247 0.235179 -0.073865
0.548382 0.216600 0.022752
-0.055270 -0.386221 0.193874
0.609648 -0.101957 -0.126681
0.165536 0.586176 0.060454
0.345826 0.628422 0.057316
0.246064 0.592543 0.052662
0.597425 0.257654 -0.130415
-0.244735 0.596941 0.075241
-0.409196 -0.397077 0.168132
-0.032401 0.583942 0.059556
0.192790 0.588330 0.069218
0.599733 0.596524 0.072882
0.647923 -0.364450 0.053655
0.567240 0.010019 -0.058331
0.514836 0.625486 0.063894
0.129939 0.594488 0.081398
0.450881 -0.360919 0.168956
-0.169455 0.569396 0.075718
-0.341409 0.581635 0.103647
-0.448052 -0.413506 0.112000
0.364567 0.616388 0.071513
-0.346082 0.591182 0.095974
-0.237086 -0.377600 0.212071
0.579210 0.404985 -0.216314
0.622367 0.018800 0.001299
0.624684 0.029879 0.020139
0.273239 0.619317 0.047368
0.544388 0.018886 -0.033344
0.139912 -0.366084 0.162193
0.583070 0.233208 -0.095430
-0.564196 0.546547 -0.124182
-0.468953 -0.421366 0.080338
-0.302727 -0.380070 0.214709
0.302199 -0.337847 0.177388
0.384770 0.600285 0.044937
0.602595 0.412992 0.166255
0.647140 -0.363284 0.037469
-0.171140 -0.392134 0.198533
-0.401968 -0.393061 0.178400
0.067754 0.592222 0.084435
0.313311 -0.335486 0.170323
-0.003155 -0.384459 0.183936
-0.135922 0.593832 0.093339
-0.127733 -0.358295 0.185382
-0.583030 0.533743 -0.163166
0.275493 0.591490 0.056628
0.539787 0.229284 -0.002199
0.613997 0.036717 0.012127
-0.530238 -0.414570 -0.025878
0.640944 -0.291639 0.198459
0.644330 -0.139551 0.229221
0.618997 -0.236631 -0.118229
-0.125389 0.575095 0.087830
0.618596 0.006125 -0.017678
0.608144 -0.105053 -0.140405
0.525863 -0.333077 0.144922
-0.275769 0.594955 0.076210
0.457976 -0.330672 0.154183
-0.389391 -0.395727 0.186656
0.630000 0.030711 0.120800
-0.519946 0.558925 -0.018054
0.594612 0.252115 -0.116386
-0.001080 -0.376629 0.170263
0.510211 0.019992 0.003228
0.623862 0.010942 -0.047170
0.572603 0.536090 -0.184816
-0.068828 0.591453 0.091953
0.497690 0.615617 0.032867
0.580346 0.522043 -0.196372
0.590672 0.350447 -0.202858
0.588214 0.528937 0.129410
0.472626 -0.329769 0.170435
-0.426824 0.581863 0.062154
0.362612 -0.333421 0.164402
0.244453 0.592859 0.069871
0.598423 0.019792 -0.052361
-0.097341 -0.374856 0.204891
0.603909 -0.056422 -0.115078
0.182557 0.605674 0.080603
0.618052 0.277357 0.085602
0.591835 0.462867 -0.205243
0.626822 -0.209443 -0.129527
0.600546 -0.322494 0.163070
-0.480487 0.557193 0.034167
0.579763 0.187879 -0.021501
0.571459 0.047155 0.051350
0.319887 0.618366 0.042163
0.283057 0.624351 0.052254
-0.470924 0.558705 0.046780
0.589097 0.236167 -0.106670
0.547587 0.222770 0.003500
0.633737 -0.096157 0.202088
-0.133145 -0.363049 0.203010
0.416473 0.619216 0.036910
0.647305 -0.341081 0.119241
-0.377141 -0.402272 0.170397
0.603897 -0.321524 0.151075
-0.478421 0.555243 0.008062
-0.028412 -0.372733 0.201447
-0.211186 0.585338 0.098719
0.405128 0.612430 0.036451
0.589045 0.064167 -0.013671
0.616675 0.173876 0.138034
0.060062 0.581745 0.076198
0.582865 0.600598 -0.130061
0.616351 -0.162455 -0.149621
-0.475122 -0.409747 0.078405
0.640168 -0.324014 0.164798
0.625811 0.160577 0.126414
-0.084499 -0.355717 0.186898
0.536732 0.200665 -0.004174
0.630343 -0.225735 -0.130289
-0.503857 -0.398885 0.013353
-0.388784 -0.404483 0.162874
0.610733 0.230365 -0.043867
0.554567 0.020295 0.031097
0.297658 0.600788 0.044259
0.575487 0.417746 -0.213053
0.419571 -0.363475 0.161825
0.342355 -0.352189 0.151382
0.639084 -0.231284 0.205636
0.264724 0.599068 0.074574
0.572011 0.488192 -0.206598
-0.518782 -0.434833 -0.009500
0.112701 0.583483 0.065794
0.152020 -0.345714 0.168665
0.191971 -0.362790 0.159488
0.616634 -0.011326 0.149251
0.626256 -0.170058 0.227997
0.572696 0.046984 -0.022677
0.629459 -0.030449 0.160228
0.351645 0.604597 0.041273
0.611728 0.018026 0.123439
0.544719 0.215893 -0.053985
0.598152 0.419196 0.149139
-0.083047 0.594984 0.060090
0.616314 0.233471 0.105108
-0.248683 -0.396960 0.194041
0.605836 0.027603 0.007670
0.548744 0.013205 0.019551
0.541315 -0.331473 0.144907
0.615242 0.233434 0.013946
0.628923 -0.095534 0.221189
0.603551 0.288252 -0.158630
0.635683 -0.312427 0.148179
-0.224314 0.572814 0.095318
0.316330 0.594662 0.064506
0.256970 0.591178 0.062916
0.448417 -0.347843 0.146750
0.525510 0.039186 0.024239
0.600904 0.301061 0.107541
-0.070136 -0.378362 0.172642
0.047667 -0.376642 0.169151
-0.159615 -0.388864 0.201520
0.454745 0.601222 0.054545
-0.141895 0.573743 0.088025
0.567027 0.606360 0.042032
-0.074777 0.576016 0.083732
0.515458 0.208513 0.002823
0.612453 0.000323 -0.033894
0.613569 0.249245 0.038225
0.280954 0.610444 0.042757
0.612214 0.027417 -0.013692
0.288130 -0.366052 0.181197
0.533658 0.621770 0.064214
0.625352 0.031263 0.007774
0.582004 0.324522 -0.187141
0.104881 0.601494 0.050845
0.568093 0.637771 0.052911
0.024280 0.612147 0.071399
0.633159 -0.005552 0.156366
0.627380 -0.052976 0.177221
-0.027029 -0.384215 0.193209
0.569353 0.036077 0.036381
0.631010 -0.349365 0.164783
-0.521286 0.542718 -0.047736
0.561314 0.059252 0.063497
-0.340839 0.589539 0.076881
-0.449898 -0.386704 0.093641
0.609909 0.258408 0.081995
0.631559 0.058720 0.140903
0.521657 0.633725 0.037996
0.627386 0.022922 0.082437
0.495687 -0.341561 0.144909
-0.514373 -0.425934 -0.020593
0.196374 -0.373078 0.168765
0.341043 -0.338659 0.180504
0.586566 0.562609 0.098391
0.623132 -0.320535 -0.061999
0.092999 -0.369130 0.164666
0.605201 0.391628 0.164737
0.620310 0.041077 0.123423
0.197062 0.620741 0.062505
-0.446157 -0.384853 0.108011
0.140026 0.587355 0.074411
0.574575 0.440509 -0.211085
0.621664 -0.142113 -0.130401
-0.289763 0.589770 0.071986
-0.088561 -0.385981 0.197492
0.016460 0.579491 0.077690
0.506669 0.607630 0.037193
-0.357635 -0.371994 0.183226
-0.219946 -0.373081 0.209604
0.532732 0.199557 0.019779
-0.250129 0.586473 0.067762
-0.456859 -0.406312 0.104824
0.581460 0.596005 0.059024
-0.390924 0.590167 0.081141
0.606667 0.266678 -0.136256
0.635421 -0.018468 0.168311
0.566106 0.043079 -0.011157
0.098270 0.585706 0.058395
-0.406374 -0.402946 0.143568
0.568332 0.028044 0.014651
0.638692 -0.272146 0.186030
-0.535642 0.556597 -0.044802
0.514373 0.202530 0.019754
0.554191 0.229598 -0.026128
0.353230 0.625938 0.046504
0.631686 -0.283268 0.198690
0.550231 -0.349054 0.144970
0.619751 -0.329335 0.140401
0.605869 -0.123602 -0.141690
0.535081 -0.329363 0.172233
0.521210 0.215999 -0.008070
0.633430 -0.221193 0.212360
-0.019314 0.604872 0.061148
0.560806 0.218403 0.030178
0.593433 0.428861 0.159254
-0.360950 -0.393459 0.175104
-0.272795 0.563833 0.081458
-0.311615 0.591078 0.097639
-0.021828 -0.372854 0.169008
0.572532 -0.322334 0.159251
0.602234 0.552242 0.111972
0.374820 -0.354761 0.151611
0.409353 -0.351665 0.181099
0.423636 0.605545 0.065602
0.595689 0.425783 -0.214169
-0.441429 -0.390275 0.123347
0.632770 -0.029551 0.179697
0.085810 -0.355785 0.165069
0.594369 0.388414 -0.200280
0.557494 0.039641 0.042452
-0.284376 0.566388 0.076095
0.599932 0.296002 -0.148531
0.264225 0.623518 0.054127
0.589509 0.508550 0.147396
0.573336 0.518615 -0.187040
0.549978 0.209146 -0.027303
0.618883 0.130023 0.143360
0.584942 0.320485 -0.174245
0.616068 -0.024661 0.170448
0.125320 -0.372195 0.190930
0.586109 0.604114 -0.073734
0.605761 0.369258 0.162990
-0.532665 0.567388 -0.049129
-0.323299 -0.367370 0.201151
-0.481914 0.565619 0.003175
0.134454 0.617493 0.064557
0.559113 -0.355169 0.152699
-0.188718 -0.363444 0.183728
-0.539147 -0.425576 -0.072672
0.312718 -0.358704 0.154844
0.626810 0.059889 0.126770
-0.489487 -0.408431 0.023433
0.199669 -0.363653 0.190464
0.627061 -0.184431 -0.140339
0.564415 0.202338 0.058791
0.009034 0.598911 0.055708
0.598505 0.066294 0.029570
0.571360 0.017496 0.003729
0.632577 -0.119264 0.229553
-0.107009 -0.376527 0.172646
0.621151 -0.023879 -0.092747
0.067377 -0.356705 0.165919
0.605800 0.224623 0.005158
-0.455958 0.557384 0.064940
0.601048 0.249408 0.017814
0.628526 -0.217526 0.227634
-0.480491 -0.400582 0.067504
0.588096 0.602101 0.071071
0.582211 0.609279 -0.002037
0.515883 0.603967 0.048812
0.581922 0.622083 0.061566
0.539413 0.609594 0.058336
-0.320174 -0.398720 0.206983
0.572498 0.193568 0.054761
0.464159 -0.353719 0.176870
0.393489 -0.346076 0.183113
0.631466 -0.199715 0.216960
0.543667 0.188329 0.018922
0.611404 0.414280 0.156137
0.205159 -0.343201 0.166042
0.628214 -0.319813 0.159515
0.348967 -0.338625 0.156520
-0.101820 0.574733 0.085062
0.267326 0.608250 0.043081
-0.366022 -0.402790 0.181920
0.538248 0.226991 -0.058541
0.627506 0.010702 0.105514
-0.413023 0.556207 0.082976
0.455356 0.610166 0.066275
0.541855 -0.324161 0.158200
0.612545 0.173497 0.123036
0.551001 0.199148 -0.018600
-0.392288 -0.383294 0.155303
-0.353639 0.581028 0.104206
0.529364 0.208784 0.000161
-0.472858 -0.393239 0.076448
-0.524418 -0.426806 -0.041329
0.261555 -0.367186 0.182643
0.607557 -0.019548 -0.071023
-0.107240 -0.366886 0.204178
-0.147012 0.583367 0.094717
-0.420572 -0.381070 0.131973
-0.504656 -0.403702 0.001352
0.141311 -0.351450 0.163501
0.550453 0.211321 0.034934
0.383169 -0.342576 0.151025
0.567827 0.071196 0.015927
0.591028 -0.322305 0.150508
0.582796 0.583534 0.084055
0.559003 0.070769 0.025597
0.556489 0.244050 -0.045561
0.617181 0.280838 0.100448
0.573519 0.559033 -0.158961
0.630362 -0.341996 -0.051202
-0.508896 -0.427475 -0.009835
0.645210 -0.346219 0.095030
0.000453 0.606407 0.083956
0.612146 -0.005484 -0.046668
-0.138983 0.601940 0.070019
-0.004648 -0.352123 0.179492
-0.382990 0.583297 0.073375
-0.336149 -0.370704 0.204000
0.567773 0.056192 -0.004908
0.540125 0.001649 -0.053058
0.498689 -0.340148 0.178017
0.650648 -0.291606 0.192102
-0.431856 -0.407124 0.136589
0.217674 0.588938 0.062438
0.626760 0.029481 0.046735
0.555913 0.005049 -0.017829
0.536228 0.251264 -0.027845
0.561441 0.217858 0.016923
0.636669 -0.309935 -0.087521
-0.413081 0.560663 0.068256
-0.244710 0.597133 0.089811
0.312286 0.599012 0.044739
-0.409632 -0.384690 0.140126
-0.276988 -0.372347 0.182939
-0.389545 0.588507 0.094780
0.634169 -0.315501 -0.062231
0.622796 -0.036177 -0.098266
0.528187 -0.357836 0.156091
0.599104 0.005198 -0.076784
0.594765 0.336789 -0.197085
-0.057580 -0.354888 0.181052
0.274815 0.598742 0.045722
-0.522523 -0.415630 -0.008187
0.629998 -0.229968 0.224315
0.613232 -0.001447 -0.072641
0.123396 0.592656 0.051985
0.625206 -0.361466 0.003499
0.616628 0.338775 0.141635
0.332960 -0.362617 0.180415
0.471618 0.634866 0.052487
-0.253870 -0.379710 0.212705
0.239748 -0.353918 0.190170
0.328265 -0.344531 0.183935
0.609826 0.122330 0.144420
-0.013226 -0.381865 0.175281
0.645040 -0.259665 0.210639
0.589852 0.266082 -0.121266
0.615015 -0.046012 -0.092264
0.613002 -0.328155 0.169892
0.387280 0.628516 0.061499
-0.232095 -0.363414 0.199610
-0.177271 0.569636 0.085744
0.614944 0.288888 0.111499
0.318631 -0.339358 0.180775
-0.382145 -0.381962 0.191100
0.153324 -0.369372 0.191178
0.234396 -0.340364 0.178919
0.114707 -0.364975 0.194969
0.220451 -0.348115 0.188051
0.583370 0.407100 -0.200527
-0.280918 0.584264 0.101053
0.055109 0.601183 0.085585
0.554145 0.187462 0.011060
0.537816 0.058323 0.038509
-0.100715 -0.388465 0.183197
0.597829 0.322999 -0.170933
-0.372459 -0.391376 0.199479
0.613849 -0.000716 0.138307
0.630212 -0.352903 0.109273
0.594357 0.073913 0.040296
-0.368681 0.572366 0.072576
0.435518 0.630820 0.043517
-0.456843 -0.400656 0.074968
0.557074 0.018053 -0.036920
0.574069 0.561173 -0.170075
0.632298 -0.354208 0.063657
-0.296067 -0.367563 0.204199
0.623584 0.205157 0.131790
0.034085 -0.349298 0.186095
-0.564291 0.552034 -0.096998
-0.439706 -0.398083 0.097540
0.642896 -0.186774 0.219840
0.638717 -0.329845 0.126297
0.055422 0.596215 0.052561
-0.056857 0.592114 0.058042
0.551321 0.062220 0.020026
0.597309 0.305951 0.125049
0.627234 -0.133987 0.219202
-0.569134 0.533799 -0.132990
0.573415 0.616364 -0.085999
0.577692 0.025331 -0.047517
-0.216259 -0.391403 0.204468
0.216404 0.607750 0.078874
0.561529 -0.349412 0.171739
0.603412 0.543468 0.120118
0.531285 -0.340667 0.176462
0.098073 -0.347027 0.174085
-0.098542 0.579983 0.062889
-0.345632 -0.393136 0.208778
-0.286440 0.596403 0.084848
0.597037 0.557639 0.097275
0.597781 0.371684 -0.205346
0.625017 -0.079183 -0.126410
0.469003 -0.345027 0.145710
0.582620 0.193114 0.030397
0.623635 -0.351433 -0.025212
0.488690 0.632008 0.059685
0.158441 0.598604 0.048451
0.380895 0.612332 0.070895
-0.189404 0.570096 0.073623
0.572473 0.596326 -0.120497
-0.253979 -0.389094 0.181781
0.620985 -0.281918 -0.094588
0.608178 0.345029 0.150171
0.158769 -0.352608 0.191527
0.618979 -0.291366 -0.102949
0.532606 0.216511 -0.040006
0.577003 0.527461 -0.175158
0.194965 -0.352036 0.190435
0.599040 -0.350583 0.166681
0.591330 0.307362 -0.178605
0.059701 -0.369764 0.197096
-0.036179 0.575794 0.070970
0.065853 -0.378067 0.171967
-0.485555 0.545537 0.005662
0.609466 0.225520 -0.010096
0.536774 0.235024 -0.014837
-0.169265 -0.388923 0.181047
0.628514 -0.082348 0.217323
0.300890 -0.336926 0.163768
-0.496761 -0.406755 0.039016
0.195011 0.607145 0.079642
-0.351679 0.592740 0.084547
0.179923 -0.358886 0.159158
0.616903 -0.182473 -0.132140
-0.160599 0.589232 0.096015
-0.292599 -0.396319 0.206816
0.602379 0.288424 0.114369
0.624699 -0.145492 0.230833
-0.551898 0.555160 -0.074790
0.406985 0.630436 0.045975
0.141200 -0.377496 0.174612
0.577039 0.607418 -0.121066
0.607306 0.520730 0.141426
-0.200080 0.595516 0.069194
-0.126370 0.577033 0.064882
0.585175 0.468560 -0.196132
-0.284478 0.563938 0.088057
0.594337 0.498934 0.152396
0.628407 -0.354456 0.023509
0.636471 -0.188133 0.233880
-0.414196 0.571182 0.063699
-0.379429 0.586879 0.101522
-0.581065 0.540878 -0.128669
-0.468230 0.547847 0.036716
-0.485770 -0.419234 0.057517
0.629613 -0.356812 0.048102
0.356137 -0.365866 0.171774
0.294502 -0.348228 0.186406
-0.092318 0.572908 0.073036
-0.368672 0.592228 0.088338
-0.461623 -0.388905 0.080092
0.631078 -0.303453 0.174771
0.600503 0.236592 0.104056
-0.295178 0.591747 0.097162
-0.305005 -0.394085 0.210499
-0.473776 -0.424019 0.060370
0.226360 0.621151 0.067601
0.605314 0.003596 -0.051738
0.058785 -0.352682 0.193159
0.620680 -0.262149 -0.107674
-0.227068 -0.395051 0.200230
0.634743 -0.368426 0.040215
0.624923 0.177076 0.125156
0.195179 -0.348985 0.160751
-0.270672 -0.364946 0.200659
0.616891 0.252450 0.068951
0.387529 -0.356855 0.152280
0.630285 -0.335760 0.138516
0.523203 0.045943 0.035964
0.577444 0.392517 -0.208782
0.623723 0.197831 0.121805
-0.330402 0.593507 0.080911
0.596406 0.238540 -0.027604
0.582961 0.633273 -0.049955
-0.037995 -0.386198 0.185680
0.627491 0.135876 0.135874
-0.456445 0.556080 0.038662
-0.000747 0.610607 0.070104
0.635030 -0.369563 0.055064
0.590303 0.193847 0.014940
0.075941 -0.368020 0.164548
0.322220 -0.356165 0.185087
0.089566 0.609333 0.081056
-0.488611 0.576231 0.006782
0.636466 -0.364383 -0.005447
0.571942 0.580024 -0.147049
0.633349 -0.244488 0.202726
0.583659 0.631113 0.053885
0.414448 0.599579 0.059776
0.462716 0.603233 0.043076
0.435668 -0.354667 0.150172
0.589762 0.615813 -0.031513
0.607385 0.486112 0.153935
0.632348 0.039986 0.137167
-0.282154 -0.390297 0.212166
0.586583 0.598621 -0.097039
0.589615 0.532922 -0.180031
0.626688 0.032271 0.033871
0.586666 0.436315 -0.217172
-0.332833 0.592289 0.094586
0.612622 -0.091070 -0.136828
0.630451 -0.350413 0.096990
0.589934 0.189771 0.043118
0.159627 -0.375633 0.181949
0.630817 -0.359736 -0.016578
-0.478094 0.578769 0.027760
-0.414925 -0.387883 0.159758
0.530640 -0.353768 0.170112
-0.388106 0.578825 0.102637
-0.340132 -0.401588 0.190340
0.539949 0.631645 0.033892
0.526535 0.228475 -0.063262
0.640728 -0.345006 0.141427
0.634120 -0.344108 0.087277
0.035552 -0.379703 0.191809
0.611177 0.333596 0.127380
0.599946 0.027869 -0.041444
0.597478 0.378070 0.151206
0.621256 -0.339833 0.171578
-0.429494 0.587025 0.076156
0.329389 0.594995 0.061067
0.641423 -0.351420 -0.000222
0.605415 0.232185 -0.079318
-0.442437 -0.402567 0.124223
0.565500 0.199212 0.044442
0.584757 0.074972 0.055058
0.623965 0.121447 0.128793
0.582074 0.591373 -0.111222
0.591368 0.041499 0.003398
0.628081 -0.319449 -0.051136
0.620862 0.017770 0.037015
-0.263523 -0.369412 0.208881
0.112380 -0.345916 0.183485
0.577609 0.582649 -0.122808
-0.047828 0.576028 0.078681
0.541086 0.057334 0.023514
0.286872 0.624305 0.064628
0.578510 0.036395 -0.032937
0.590632 0.568411 -0.158118
0.574037 0.057051 0.062069
0.544253 0.605181 0.045632
0.553488 0.607774 0.054941
0.590333 0.077277 0.064567
-0.441774 0.578978 0.075888
-0.204953 -0.364110 0.202017
0.225640 0.614489 0.046918
0.348794 0.621484 0.069538
0.635956 -0.121325 0.210142
-0.215231 -0.372485 0.178617
-0.022866 -0.352523 0.184857
-0.412841 -0.404855 0.160344
-0.487342 0.564690 0.025731
0.584326 0.475014 -0.214602
0.622592 -0.166391 -0.131749
-0.047954 -0.383759 0.177137
0.556615 0.212655 -0.060884
-0.174212 -0.360747 0.186548
0.083150 0.584735 0.059461
0.532928 0.210966 -0.026023
0.558837 0.630786 0.060454
-0.440400 0.560217 0.077617
0.593447 0.626723 -0.038383
0.368816 -0.338939 0.154176
0.546738 0.233749 0.008237
0.591205 0.474552 -0.204187
0.596588 0.240508 0.026727
0.235547 0.622037 0.055123
0.563250 0.190691 0.003530
0.635864 -0.346347 0.015201
0.605834 0.033821 0.021403
0.618129 -0.038031 -0.110413
0.619198 -0.325322 -0.072096
0.586145 0.048512 -0.034070
-0.494425 -0.425139 0.017081
0.610535 0.046683 0.128874
0.639780 -0.341260 -0.024482
-0.185534 -0.375656 0.209682
0.627985 -0.070018 0.213635
0.601615 0.233560 0.121152
0.618550 -0.198073 -0.148835
0.569916 0.040802 0.020683
0.555271 0.057370 0.009302
0.248198 -0.345536 0.159159
0.564685 0.211869 0.040441
0.311662 0.610353 0.074386
-0.391566 0.562292 0.096899
0.634813 -0.304226 0.160095
-0.206873 0.600129 0.078735
0.036945 -0.365996 0.165758
0.612440 -0.216969 -0.138829
0.578167 0.614020 0.031756
0.575702 0.452005 -0.206861
0.610748 0.252166 0.112493
0.551581 0.012752 0.007145
0.342007 -0.363354 0.157825
0.593552 0.240456 -0.070227
-0.561001 0.536251 -0.118544
0.587683 0.627836 0.003679
0.596619 0.524064 0.146500
0.592838 0.445827 -0.207006
-0.144568 -0.391360 0.192369
-0.069550 0.607042 0.072393
0.621196 -0.048946 0.195057
-0.405351 -0.377408 0.153269
0.348527 0.607015 0.071642
0.607988 0.030053 0.062949
0.519299 0.231718 -0.046442
0.587676 0.616654 -0.091197
-0.116485 -0.388166 0.197930
0.324386 0.600066 0.043978
0.575020 0.075888 0.069788
0.627052 -0.328820 0.169876
-0.049350 0.579565 0.062905
0.623217 0.012480 -0.033263
0.028889 0.601019 0.055017
0.640205 -0.331771 -0.052891
0.587173 0.415743 -0.218864
0.618223 0.054024 0.140724
-0.504560 -0.404910 0.023809
0.177537 0.619880 0.064473
-0.038298 -0.369705 0.169238
-0.103262 -0.387394 0.197436
0.581367 0.493520 -0.210277
0.332550 -0.334653 0.168251
-0.279088 -0.370208 0.209621
0.618320 0.035996 0.056159
0.430018 -0.331069 0.156570
0.635804 -0.145200 0.217294
0.039599 -0.351005 0.174243
0.637413 -0.344571 0.154287
0.618676 -0.066488 -0.104922
0.629783 -0.322668 0.145569
0.611354 0.237093 -0.016955
0.583172 0.578530 0.098863
0.575967 0.624559 -0.004108
0.621670 0.022747 -0.021675
0.576761 0.478890 -0.200416
0.514875 0.042452 0.029139
0.139964 0.601856 0.082320
0.450039 -0.359301 0.155310
-0.226804 -0.368214 0.182377
0.184656 -0.345746 0.165338
0.596193 0.590576 0.062936
0.147395 -0.345183 0.183698
-0.386375 0.560990 0.078098
0.600361 0.038844 -0.002916
-0.510219 0.572306 -0.017040
0.248276 -0.339059 0.170709
0.597218 0.069507 0.052282
-0.453105 -0.414796 0.082092
-0.556015 0.559124 -0.087480
0.627862 -0.108482 0.206834
0.247508 0.601629 0.076232
0.502154 0.604929 0.057022
0.591123 0.573679 0.107491
0.068045 0.585170 0.058044
0.577779 0.375806 -0.205206
-0.111749 0.600647 0.065870
0.583801 0.619873 0.044685
-0.114157 -0.357184 0.188496
0.139340 0.614390 0.075812
0.550566 0.067100 0.035123
0.594667 0.249133 -0.081176
0.144237 0.614830 0.055490
0.607749 0.104895 0.132023
-0.119681 -0.385286 0.176954
0.211585 -0.362578 0.190011
0.585240 0.542445 -0.165686
0.604017 0.015045 -0.062404
0.581980 0.067650 0.006695
0.582802 0.635625 0.040195
0.614598 0.190578 0.120489
0.592905 0.221095 -0.078023
-0.019639 -0.357952 0.198069
-0.178609 0.573391 0.068262
0.622233 0.007375 0.141391
0.624523 -0.122612 -0.136839
-0.558052 0.559071 -0.104845
0.618903 0.016387 0.050003
0.569508 -0.348537 0.144290
0.084522 -0.378794 0.174062
0.628976 -0.348662 0.000363
0.630324 -0.254538 0.212285
0.382567 -0.365286 0.163001
0.527315 0.605886 0.055527
-0.372146 0.562002 0.080077
0.163931 -0.369134 0.163041
0.616019 -0.276830 -0.109601
0.556686 -0.322919 0.161844
0.488273 0.635397 0.049030
0.595599 0.362121 0.152540
0.624328 -0.193197 -0.131713
-0.044331 0.596468 0.058214
0.624409 -0.051399 -0.113529
0.160192 0.619110 0.066175
-0.584550 0.552739 -0.152009
0.599292 -0.340623 0.139978
0.170762 0.592980 0.050752
0.044951 0.580459 0.072303
0.590602 0.202558 -0.062789
0.611835 0.079443 0.145022
0.498957 0.625708 0.064156
0.088795 0.596507 0.051009
-0.347644 -0.391994 0.178216
0.258735 0.614653 0.074737
0.257734 0.595259 0.048363
0.440921 0.619177 0.035529
-0.240877 0.566100 0.078476
0.207601 -0.340550 0.177459
-0.586070 0.543150 -0.140614
0.211353 -0.373459 0.175797
0.604028 -0.023263 -0.085475
0.394822 -0.333567 0.173804
0.602980 0.239898 -0.094960
-0.281529 -0.392443 0.183949
0.535422 0.031150 -0.007253
-0.297706 0.576460 0.069070
-0.116662 -0.364939 0.174834
-0.077257 0.604125 0.084649
0.494791 -0.355933 0.171370
-0.185692 -0.391880 0.185577
0.639469 -0.325942 -0.070932
0.620965 -0.003418 -0.053878
0.567672 0.035483 -0.023309
0.625824 -0.084724 0.200474
0.378872 0.613979 0.037969
0.025185 0.579661 0.065939
0.605260 0.254765 -0.090655
-0.051653 -0.372330 0.202833
0.478081 0.623230 0.065771
-0.513711 -0.422312 0.008666
0.578767 0.623461 0.018599
0.009782 -0.380556 0.173956
0.167195 0.590148 0.074708
0.592873 0.600170 0.038918
0.610064 0.121444 0.129371
0.620112 -0.037784 0.171588
-0.208622 -0.386019 0.179330
0.593750 0.220185 -0.062242
-0.242673 0.571498 0.095738
0.310026 -0.353612 0.186285
0.552230 0.227596 0.017325
0.375196 0.625357 0.066564
-0.540242 0.543680 -0.053159
0.609672 0.064504 0.129611
0.625788 -0.337292 -0.030005
-0.590811 0.520712 -0.159815
-0.362099 0.559685 0.088621
0.555694 0.619109 0.062440
0.572214 0.607932 -0.110249
0.615253 -0.070159 -0.127732
-0.308975 -0.369642 0.207325
-0.138276 -0.358193 0.191404
-0.462701 0.571580 0.029265
0.564641 -0.325762 0.148771
0.607428 0.147753 0.126839
0.015558 0.591757 0.087274
0.446617 -0.352810 0.178777
-0.056888 0.605132 0.065216
0.093347 0.608573 0.053819
0.623069 -0.272620 -0.121945
0.433107 -0.335900 0.177570
0.632749 -0.325533 -0.039800
0.480690 -0.350449 0.177338
-0.179615 -0.367938 0.177918
0.603146 0.432897 0.148332
0.554851 0.609291 0.036328
-0.318255 0.593334 0.078729
0.334873 -0.341742 0.154548
0.628250 -0.361473 0.079259
0.328724 0.627164 0.061372
0.401116 -0.362010 0.174202
0.613974 0.268692 0.075324
-0.029592 0.579156 0.082591
-0.326869 0.564396 0.096504
0.586691 0.560176 -0.172704
-0.592388 0.541058 -0.181232
-0.406050 -0.380199 0.167555
0.582437 0.215294 -0.085775
0.580739 0.608319 -0.060039
0.608340 0.244306 -0.079897
0.606571 0.205400 0.132163
0.375538 0.629539 0.052638
0.073582 -0.380652 0.179902
0.527744 0.606374 0.040318
-0.196196 -0.376120 0.176816
0.153031 0.610045 0.079274
-0.385629 -0.374081 0.172782
0.567417 0.008485 -0.070970
0.614678 0.242596 0.027778
0.587380 0.275565 -0.141967
0.584015 0.368539 -0.191575
0.440693 0.599809 0.049023
0.024754 -0.354899 0.195618
0.507849 -0.353322 0.172895
0.607909 0.259585 -0.118438
0.522282 0.024865 -0.002798
-0.066804 -0.382582 0.198998
-0.477935 0.569931 0.037088
-0.123651 0.604372 0.075356
0.478566 -0.327420 0.160482
0.620794 0.245299 0.110091
-0.359570 -0.393285 0.205575
0.434629 0.630189 0.060577
0.546285 0.230583 -0.094134
0.486948 -0.336668 0.176689
-0.235432 0.583089 0.099628
0.612051 -0.116480 -0.129244
0.563872 0.015936 -0.010909
0.589834 0.208532 -0.015473
0.023835 -0.373473 0.168244
-0.180220 -0.362869 0.200887
0.359151 -0.352363 0.183778
-0.542970 0.564047 -0.073337
0.539174 0.616223 0.031638
0.310063 0.610492 0.041132
0.637121 -0.341990 -0.010956
0.619560 0.011049 0.092884
0.111938 -0.377870 0.185585
0.607869 0.028734 0.048735
0.567493 0.214701 -0.064262
0.605148 0.163378 0.139496
0.579916 0.064689 -0.005286
0.608281 0.134438 0.128290
-0.292913 -0.370219 0.186861
0.591250 0.252230 -0.097790
0.129807 -0.349793 0.166465
0.606758 0.252231 0.096806
0.621492 -0.001059 0.154845
0.616864 0.159978 0.140034
0.621034 -0.352976 0.155652
0.618640 -0.114016 -0.145657
-0.255312 0.567551 0.075290
-0.309296 -0.399595 0.200482
-0.540160 0.532035 -0.066577
0.047911 -0.381996 0.180641
0.627613 -0.216282 -0.140651
0.612772 0.293661 0.100082
0.642841 -0.355520 -0.017352
-0.061910 -0.356018 0.193857
0.640697 -0.162460 0.219981
0.502479 0.635993 0.047334
0.612902 -0.248823 -0.127583
0.607594 0.300179 0.129734
-0.224846 0.594807 0.094777
0.602689 0.309953 -0.171918
-0.426374 0.569638 0.057528
-0.524202 -0.437158 -0.023498
0.592855 0.460593 0.162354
0.596128 0.227808 -0.021879
0.613715 0.031267 0.121857
-0.489552 -0.396528 0.045004
-0.335069 -0.399905 0.204157
0.619845 -0.021359 -0.070494
0.582982 0.220105 -0.037002
0.040231 -0.354052 0.194787
0.598218 0.229994 -0.068751
0.611447 -0.080597 -0.112312
-0.213726 0.568416 0.089473
0.556626 0.206499 -0.044920
0.593997 0.404306 -0.216248
0.559425 0.047278 0.001406
0.627532 -0.183927 0.225348
0.368214 -0.365694 0.163104
0.578827 0.590023 -0.142153
0.427759 0.612610 0.035850
0.298467 -0.344801 0.155335
0.508969 0.612329 0.063699
0.035110 0.583801 0.059048
0.580016 0.592859 0.076528
0.599938 0.243062 -0.014014
0.631012 -0.074190 0.194315
-0.404042 0.580906 0.068074
0.597936 0.044128 -0.048285
0.577755 0.509067 -0.200710
-0.138729 -0.377225 0.206739
0.537174 0.002237 -0.038942
0.613035 0.397411 0.156630
0.164718 -0.343564 0.171958
0.202553 0.616827 0.074221
0.399181 0.603005 0.040915
0.606912 -0.034079 -0.089003
0.644247 -0.298645 0.166357
0.600672 0.273495 -0.116864
0.105625 0.613058 0.057454
0.571751 0.205789 -0.046603
-0.293816 -0.390038 0.183128
0.431694 -0.362061 0.168299
0.460397 -0.327980 0.166736
0.562754 0.226471 0.000187
0.609166 0.244355 0.005137
0.582882 0.054168 -0.022915
-0.312198 0.566387 0.097189
0.569726 0.008135 -0.018984
-0.431113 -0.381851 0.126952
0.635062 -0.348267 0.035292
0.282855 0.599162 0.072850
-0.197704 0.568365 0.084567
-0.461463 0.553633 0.054776
0.618113 0.034814 0.072965
0.585464 0.364595 -0.205883
-0.550979 0.551798 -0.100035
-0.436853 -0.416003 0.119028
0.609317 0.208032 0.115504
0.138377 0.596559 0.049850
-0.065291 -0.363479 0.172007
0.091464 0.595659 0.083796
0.024995 -0.361374 0.167359
0.250197 0.622875 0.055329
0.502995 0.223616 -0.020360
0.590749 0.217945 -0.027496
0.574051 0.468023 -0.207528
-0.202597 0.580919 0.064843
0.617456 0.309336 0.127431
0.649758 -0.280164 0.198058
-0.505348 0.543408 -0.004867
-0.492230 0.546228 -0.006460
0.276259 -0.370355 0.171372
0.614990 0.381091 0.157878
-0.502564 -0.423513 0.000751
0.584540 0.036017 -0.049852
0.634524 -0.278134 -0.112758
-0.506499 0.563424 -0.028824
-0.371165 -0.372400 0.180447
0.546888 0.197573 0.006715
-0.507052 -0.425396 0.018957
-0.499418 0.566859 -0.018496
-0.496524 -0.410457 0.010788
-0.146433 0.602071 0.085306
0.609667 -0.157553 -0.139671
0.573610 -0.344804 0.173254
0.590837 0.512792 -0.191711
-0.257238 0.597809 0.082940
0.547179 -0.004638 -0.008097
-0.175269 0.585350 0.063332
0.608621 -0.053822 -0.102900
0.616274 -0.320694 0.152318
-0.461859 -0.417532 0.071804
0.398877 0.598106 0.054469
0.613223 -0.013992 -0.056288
-0.146437 -0.368637 0.175527
0.648238 -0.364193 0.070509
0.638129 -0.257243 0.193230
-0.319532 -0.398790 0.192040
-0.352229 -0.401444 0.199835
0.014537 0.604910 0.084806
0.269721 -0.337492 0.173987
0.543038 0.207003 -0.012811
0.592980 0.447396 0.159490
0.641202 -0.355260 0.112981
-0.038024 -0.353340 0.185082
0.599295 0.035293 -0.055372
-0.122651 0.597500 0.091351
0.554191 0.032064 -0.014514
-0.015593 -0.357236 0.173026
0.610925 0.428729 0.157592
-0.096587 0.601719 0.065507
-0.237366 -0.396549 0.192130
0.465667 -0.360786 0.162921
0.159551 -0.357905 0.160500
0.295591 -0.367371 0.162938
0.004794 0.577911 0.069555
0.136224 -0.347520 0.187357
0.638292 -0.247136 0.219788
-0.351414 -0.402212 0.187017
-0.148928 0.594591 0.063711
0.551963 0.637394 0.038930
0.589714 0.314486 -0.160484
0.649754 -0.333124 0.146475
0.629921 -0.349777 0.146204
-0.364910 -0.380295 0.203679
0.439514 0.606770 0.038262
0.285925 -0.337716 0.176451
0.619283 -0.044722 0.181584
0.594041 0.620885 -0.006147
0.622017 -0.064655 0.194349
0.305376 0.593403 0.058823
0.597126 0.295950 -0.168442
0.465456 -0.355854 0.150033
0.622731 0.069269 0.143174
0.647245 -0.197684 0.226762
0.593120 -0.339808 0.173163
0.618160 -0.297416 -0.092110
0.591674 0.620004 -0.064610
-0.297316 0.576601 0.101798
0.371565 -0.363780 0.175255
-0.199399 0.579150 0.096810
0.550092 0.234170 -0.038376
-0.018372 0.580945 0.083404
0.605480 0.312918 0.135136
-0.501004 0.570999 0.001925
0.290281 0.592387 0.057281
-0.340338 -0.378596 0.180135
0.632154 -0.040383 0.171891
-0.097349 -0.356295 0.188095
0.604681 0.279576 -0.145097
-0.353208 0.566137 0.075082
0.629495 0.094462 0.134101
0.521182 -0.328850 0.170904
0.585163 -0.349297 0.169480
0.594029 0.487508 0.155428
0.587524 0.554346 -0.161164
0.588034 0.570258 -0.144919
0.521103 0.613496 0.063252
0.624388 0.020449 0.114404
0.219753 -0.346990 0.160445
0.418119 -0.346792 0.148213
0.545518 0.215624 -0.038382
0.588606 0.386697 -0.213942
0.605158 -0.069485 -0.118621
0.213620 0.595090 0.075401
0.544661 0.005971 -0.001454
0.636658 -0.334212 0.149211
0.593772 0.491505 0.138371
0.552901 0.622566 0.029922
0.544308 -0.355396 0.166961
0.604434 0.011878 -0.039470
0.619604 0.252278 0.096487
0.404846 0.603723 0.065515
0.582357 0.219745 -0.050609
0.559935 0.221342 -0.014909
0.468244 0.623531 0.034870
0.642060 -0.209003 0.215347
-0.159045 -0.376861 0.174580
0.219543 0.595605 0.048429
-0.533822 0.534006 -0.052431
0.543075 0.226961 -0.080610
0.643385 -0.126184 0.224912
-0.537593 -0.438789 -0.053339
0.595247 0.623485 0.015483
0.605840 0.387897 0.145048
-0.256802 0.573609 0.098919
0.597659 0.286248 -0.136976
0.372981 0.601465 0.066272
0.580686 0.211992 -0.026938
0.184932 0.615995 0.052656
0.623686 -0.034446 0.185725
-0.271105 0.594374 0.093554
0.405914 0.615525 0.070132
0.623708 0.094809 0.146290
-0.005971 0.586038 0.087331
0.424196 -0.358195 0.152234
0.612026 -0.233394 -0.132910
0.632879 -0.349910 0.075774
0.110876 0.588652 0.054111
0.565538 0.194231 -0.024542
0.615725 0.018387 -0.042299
0.510782 0.028138 0.018943
-0.221272 -0.384991 0.179149
-0.467150 -0.395981 0.089220
0.608150 0.375165 0.144291
0.590179 0.303948 -0.152903
0.251034 0.621368 0.068279
0.599385 0.265160 -0.101687
-0.016540 -0.378040 0.198874
0.571678 0.628315 0.061293
0.170095 -0.375556 0.172021
-0.253604 -0.374140 0.180439
0.623325 -0.334888 -0.042656
0.583588 0.612800 -0.044757
0.592073 0.589087 0.095639
0.637880 -0.079492 0.205144
0.609943 0.160322 0.125039
-0.190909 0.601230 0.080600
0.621521 -0.176470 -0.150202
0.605930 0.495018 0.142892
0.175854 -0.342186 0.178590
0.397910 0.631259 0.056795
0.180600 -0.367894 0.190036
0.123274 0.617364 0.069866
0.266410 -0.346617 0.186310
0.621551 -0.106229 -0.127917
0.568492 0.026981 -0.035970
0.288163 -0.337616 0.163930
0.548145 0.226289 -0.069453
0.523722 0.618430 0.030979
0.560237 0.197702 -0.010794
0.600751 0.246120 0.060611
0.147009 0.618530 0.067520
0.583476 -0.354845 0.157571
0.591055 0.235904 -0.086262
-0.353891 0.563651 0.098417
0.605839 0.454112 0.150747
-0.466088 -0.413156 0.091276
0.624857 0.187923 0.135591
0.575747 0.538760 -0.171293
0.583190 0.455685 -0.196935
0.620777 0.032550 0.090073
0.615414 0.111861 0.145119
0.619660 -0.008363 0.128366
0.555850 0.639196 0.049380
-0.423593 -0.388913 0.120485
-0.499194 -0.418832 0.034561
0.408811 -0.337705 0.151486
0.634767 -0.367111 0.020554
-0.465977 0.558632 0.024351
0.084853 -0.346963 0.181084
0.606910 0.015154 -0.017709
0.613869 0.193721 0.135276
-0.421962 0.583572 0.089068
0.603899 0.474264 0.160013
-0.032252 -0.358007 0.198383
0.558886 0.032173 0.026180
0.005343 0.587376 0.057115
0.101490 -0.356009 0.164143
0.619109 0.266846 0.097063
0.579234 0.024253 -0.060896
0.466255 0.602021 0.055932
-0.140750 0.579737 0.063969
0.595552 0.581890 0.073116
-0.231835 0.566711 0.086701
0.511072 0.224317 -0.032572
0.485057 0.624155 0.034051
0.158161 0.612077 0.051096
-0.046992 -0.358930 0.199145
-0.184178 -0.392300 0.200256
-0.483580 -0.415895 0.033857
0.053289 0.583735 0.059946
0.406385 -0.330959 0.164637
0.109785 0.616476 0.067665
0.640614 -0.338476 -0.037398
0.584538 0.066280 0.064340
0.633004 0.009203 0.117074
0.096122 -0.349366 0.188896
0.618646 -0.146690 -0.148697
-0.548433 0.529665 -0.083283
0.622599 0.027254 0.134986
0.593465 0.400656 -0.203847
-0.049106 0.597521 0.089655
0.228408 0.594122 0.072860
-0.575511 0.535328 -0.146700
0.056300 -0.351981 0.171496
-0.295793 0.563269 0.087715
-0.326868 -0.373735 0.186078
0.588234 0.605716 0.023839
0.355536 0.595786 0.055263
-0.339681 0.575486 0.070582
0.046127 -0.368132 0.198186
0.599577 0.249108 0.112260
0.542378 0.029481 -0.016568
0.362289 0.628934 0.059687
0.259489 0.616932 0.046163
0.633181 -0.263402 -0.118049
0.029085 0.605950 0.083995
-0.515223 -0.410384 0.005602
0.335665 0.617120 0.071840
0.613349 -0.046085 -0.116422
0.490117 -0.327280 0.156084
0.538174 -0.347038 0.144322
0.570936 0.548838 -0.175921
0.625085 -0.285346 -0.112295
0.617263 0.298001 0.117903
0.598472 0.244934 -0.038992
0.327867 -0.353388 0.152059
0.540862 0.633924 0.058541
0.610489 0.231827 -0.057103
-0.082161 0.586899 0.091785
0.647530 -0.221882 0.222929
0.641223 -0.210753 0.230591
0.525475 0.218424 -0.019853
0.626416 -0.363913 0.031309
0.573082 0.626024 -0.045118
-0.171804 -0.382932 0.207449
-0.269806 -0.393206 0.184294
0.492576 -0.358257 0.155297
-0.163309 -0.359511 0.192058
-0.201528 0.595358 0.094143
0.629814 -0.296873 0.187787
-0.063340 0.581042 0.088040
-0.425210 0.558507 0.084553
-0.240942 -0.379321 0.178685
0.599560 0.020927 -0.029112
0.612279 -0.350095 0.165877
-0.434110 -0.409347 0.106854
0.435508 0.602221 0.060795
0.582383 0.461152 -0.215659
-0.421773 -0.402412 0.150686
0.181656 -0.371434 0.165216
-0.272199 -0.397161 0.203732
0.177541 0.586785 0.063133
0.179874 -0.354082 0.191720
0.598944 0.333739 0.131127
0.647587 -0.268461 0.197613
0.599614 0.350138 -0.195732
-0.547461 0.548114 -0.064349
0.475670 0.601574 0.047448
0.021880 -0.383468 0.179639
-0.003162 -0.379769 0.195642
0.642148 -0.109813 0.221541
0.617893 -0.217667 -0.123902
-0.576112 0.524461 -0.141624
0.583010 0.441063 -0.197950
0.188866 0.596070 0.048918
0.532527 0.043959 0.013496
0.586951 0.496465 -0.188778
0.019893 -0.369302 0.199424
0.635359 -0.315666 0.170983
-0.270634 0.579792 0.100942
0.170834 0.603199 0.080856
0.560926 0.205231 -0.031228
0.620196 -0.247280 -0.114108
-0.083244 -0.373617 0.170975
-0.542363 0.556015 -0.084076
-0.395981 -0.379810 0.178910
0.392881 0.615687 0.070897
-0.211830 0.589697 0.066259
0.644612 -0.281721 0.184674
0.585635 0.584391 0.067573
0.608745 0.093808 0.141540
0.264007 -0.346598 0.156909
